ID001   1223   987   74.9
ID002   4763   668   12.5
ID003   8563   413   47.3
ID004   3201   528   11.6
ID005   8596   375   78.2
ID006   1028   971   21.7
ID007   2933   123   10.8
ID008   9531   325   70.4
ID009   5001   475   37.1
ID010   6641   670   89.0
ID011   1231   871   41.1
ID012   7630   628   21.3
ID013   5638   431   79.0
ID014   2032   329   13.5
ID015   9611   997   13.0
ID016   1228   888   77.7
ID017   3337   222   11.3
ID018   9510   113   19.2
ID019   7013   743   22.0
ID020   4117   787   44.3